epoch,loss_d,loss_g
1,2.0300,1.1264
3,1.9944,1.1060
4,2.0120,1.1068
6,2.0068,1.1206
7,1.9887,1.1006
9,1.9848,1.1362
10,1.9976,1.0784
12,1.9853,1.1183
14,1.9901,1.1012
15,1.9714,1.0793
17,1.9540,1.1060
18,1.9666,1.1122
20,1.9470,1.1230
21,1.9543,1.0449
23,1.9278,1.0697
24,1.8871,1.0185
26,1.9331,1.1301
28,1.9112,1.0992
29,1.9914,1.0343
31,1.9544,1.0743
32,1.9143,1.0138
34,1.9427,1.0398
35,1.8927,1.0555
37,1.9174,1.0856
39,1.9385,1.0325
40,1.9022,1.1492
42,1.9000,1.0159
43,1.9092,1.0775
45,1.8921,1.0444
46,1.8827,1.0411
48,1.9206,1.0452
49,1.8648,1.0593
51,1.9140,1.0658
53,1.8699,0.9891
54,1.8932,1.0515
56,1.9104,1.0805
57,1.8518,1.0755
59,1.9072,1.0293
60,1.8658,1.0449
62,1.8660,1.0583
64,1.8942,1.0446
65,1.8744,1.0051
67,1.8358,1.3013
68,1.8342,1.1139
70,1.8599,1.0089
71,1.8445,1.0304
73,1.9129,1.0507
74,1.8146,0.9927
76,1.8804,1.0157
78,1.8576,1.0393
79,1.8487,1.0135
81,1.8463,1.0582
82,1.8453,1.0678
84,1.8426,1.0546
85,1.8465,1.0144
87,1.8564,0.9604
89,1.8521,0.9979
90,1.8829,1.0059
92,1.8462,1.0000
93,1.8447,0.9249
95,1.8273,1.0516
96,1.8898,1.1053
98,1.8651,0.9559
99,1.8429,1.0048
101,1.8425,1.0298
103,1.8219,1.0394
104,1.8091,1.0043
106,1.8552,0.9718
107,1.8922,1.0246
109,1.8483,1.0573
110,1.8172,0.9842
112,1.8672,1.1426
114,1.8631,1.0153
115,1.8175,1.0116
117,1.8342,1.0162
118,1.8629,1.1915
120,1.8218,1.0868
121,1.9209,0.6818
123,1.8249,1.0158
124,1.8059,1.1339
126,1.8433,0.9622
128,1.8314,0.9957
129,1.8449,1.0361
131,1.8092,1.0691
132,1.8708,1.0234
134,1.9193,1.0567
135,1.8362,1.0109
137,1.8098,1.0378
139,1.8916,0.9400
140,1.8283,1.0851
142,1.8214,1.0092
143,1.8517,0.9776
145,1.8096,1.0444
146,1.8738,1.0039
148,1.8331,1.0737
149,1.7578,1.1814
151,1.8489,1.0255
153,1.7991,1.1355
154,1.8175,1.0659
156,1.8631,1.0351
157,1.7934,1.0381
159,1.8042,0.9685
160,1.8075,1.0531
162,1.7930,1.0048
164,1.8601,0.9988
165,1.8146,1.0231
167,1.7496,1.0634
168,1.8607,1.0339
170,1.8481,1.0049
171,1.8026,1.0175
173,1.8129,0.9754
174,1.7928,1.0534
176,1.8593,1.0580
178,1.8115,1.0193
179,1.7641,0.9944
181,1.7951,1.0256
182,1.8251,1.0647
184,1.9076,1.0648
185,1.8832,1.0057
187,1.8834,0.9535
189,1.7896,1.0620
190,1.8331,1.0634
192,1.7719,0.9976
193,1.8217,0.9833
195,1.8688,1.0149
196,1.8858,1.1775
198,1.8475,1.0199
199,1.8001,0.9589
201,1.7658,1.1320
203,1.7964,0.9624
204,1.7306,1.0547
206,1.8284,1.0484
207,1.7801,1.0197
209,1.7653,1.0981
210,1.8010,1.0243
212,1.8103,1.0054
214,1.7376,1.1072
215,1.7582,1.0834
217,1.8627,1.0409
218,1.8178,1.0080
220,1.8124,1.0399
221,1.7908,0.9571
223,1.7580,1.0620
224,1.7087,1.0783
226,1.8305,1.0037
228,1.8145,1.0436
229,1.7923,1.0410
231,1.8810,0.8805
232,1.8021,1.0465
234,1.7765,1.1418
235,1.7340,1.1498
237,1.8567,1.0290
239,1.7857,1.0133
240,1.7473,0.9925
242,1.8217,1.0773
243,1.8577,1.1077
245,1.8518,1.2257
246,1.8197,1.0333
248,1.8875,1.1310
249,1.7955,0.9920
251,1.8347,1.0149
253,1.7790,0.9712
254,1.8207,1.1294
256,1.7876,1.0870
257,1.8404,1.1231
259,1.7877,1.0425
260,1.7946,1.0143
262,1.7903,1.0434
264,1.7764,1.1296
265,1.7689,0.9666
267,1.7904,1.2099
268,1.7317,0.9083
270,1.8153,1.0316
271,1.7764,0.9398
273,1.7991,1.0585
274,1.7717,1.0349
276,1.8459,1.1140
278,1.8137,0.8843
279,1.8154,1.1318
281,1.7817,1.0152
282,1.8674,1.0179
284,1.8332,1.1097
285,1.7931,1.0040
287,1.8419,0.9569
289,1.8510,1.0676
290,1.8516,1.0143
292,1.7857,1.0743
293,1.7911,1.0191
295,1.8104,1.0680
296,1.7859,1.0393
298,1.7869,1.0509
299,1.8042,0.9949
301,1.7693,0.9974
303,1.7737,1.0767
304,1.8055,1.3449
306,1.8238,1.1778
307,1.7883,1.1289
309,1.7722,0.8349
310,1.7479,0.9583
312,1.7478,1.0122
314,1.8442,0.9962
315,1.8673,0.9920
317,1.7602,1.0982
318,1.7956,1.0841
320,1.7653,1.1614
321,1.7727,1.0680
323,1.8329,0.9857
324,1.7591,1.0473
326,1.7681,1.1074
328,1.8233,1.0397
329,1.8139,0.9737
331,1.8043,1.1117
332,1.8004,1.0292
334,1.7986,1.1093
335,1.7788,1.0066
337,1.7885,0.9758
339,1.7132,0.9821
340,1.7755,1.0213
342,1.8222,1.0149
343,1.8038,1.0475
345,1.7645,1.1075
346,1.8422,0.9126
348,1.7462,1.0544
349,1.7647,1.0223
351,1.7919,1.0295
353,1.7604,1.0068
354,1.7693,1.0219
356,1.7753,1.0697
357,1.7862,1.0160
359,1.7682,1.1641
360,1.7537,1.1327
362,1.8412,1.0890
364,1.7954,0.9839
365,1.7835,1.1576
367,1.7983,0.9459
368,1.8201,0.9993
370,1.8206,1.1873
371,1.7807,1.1202
373,1.7799,1.0952
374,1.7393,0.9049
376,1.8306,0.9952
378,1.8036,1.0413
379,1.8195,0.7962
381,1.7706,1.0148
382,1.7973,0.9274
384,1.7909,1.0166
385,1.8114,1.1036
387,1.8050,1.1710
389,1.8158,1.0576
390,1.8330,0.8770
392,1.7775,0.9296
393,1.7539,1.0272
395,1.8065,1.0183
396,1.7816,1.0614
398,1.7998,1.0584
399,1.7740,0.9181
401,1.7947,1.0249
403,1.7815,0.9934
404,1.7497,1.0991
406,1.7622,1.0757
407,1.7527,1.0704
409,1.8475,1.0883
410,1.7936,1.0614
412,1.8546,1.0938
414,1.7998,0.9616
415,1.8068,1.0480
417,1.8088,0.9627
418,1.8443,1.0404
420,1.7628,0.9627
421,1.8165,1.0447
423,1.7532,1.1423
424,1.7594,1.0164
426,1.7659,0.9976
428,1.7837,1.0436
429,1.7874,1.0100
431,1.8040,1.0976
432,1.8203,1.0004
434,1.8319,1.2565
435,1.7544,1.1508
437,1.8220,1.0148
439,1.7806,0.9469
440,1.8054,1.1420
442,1.7703,1.0957
443,1.8181,1.0928
445,1.8202,0.9154
446,1.8155,1.0813
448,1.7690,1.0294
449,1.7557,1.1640
451,1.8375,1.2842
453,1.8029,0.9125
454,1.8207,1.0979
456,1.8571,1.2637
457,1.8047,1.0870
459,1.7158,1.0615
460,1.8075,1.1071
462,1.8199,0.9137
464,1.7608,0.9765
465,1.7872,1.1821
467,1.7471,1.0769
468,1.7764,1.0291
470,1.8099,1.1262
471,1.8100,1.0603
473,1.8343,0.8691
474,1.7230,1.0270
476,1.7730,1.0140
478,1.7438,1.0857
479,1.7546,1.0013
481,1.9514,0.8015
482,1.8172,1.0817
484,1.8084,0.9780
485,1.7478,1.0914
487,1.7949,1.0615
489,1.7512,1.1629
490,1.7666,1.0021
492,1.7960,1.0908
493,1.8105,1.1774
495,1.7820,0.9660
496,1.7648,1.0654
498,1.7867,0.9059
499,1.7060,1.0816
501,1.7922,1.0074
503,1.7497,1.1141
504,1.7378,1.0561
506,1.7878,1.1014
507,1.8286,0.9086
509,1.7868,1.1149
510,1.7701,1.0379
512,1.7641,1.0724
514,1.8074,1.0691
515,1.7838,0.9694
517,1.7760,1.1460
518,1.8251,1.1616
520,1.7898,1.1554
521,1.7521,1.0024
523,1.7938,0.8727
524,1.7060,1.0729
526,1.8127,1.0794
528,1.7789,0.9921
529,1.7882,1.1073
531,1.7160,1.1623
532,1.7852,1.0949
534,1.7554,1.0523
535,1.7510,1.2128
537,1.7515,0.9698
539,1.7998,1.2069
540,1.8330,1.1509
542,1.8016,0.9098
543,1.8014,0.9140
545,1.8076,1.0028
546,1.7780,1.1412
548,1.7805,1.0780
549,1.7191,0.9744
551,1.7587,1.0502
553,1.8091,1.1706
554,1.7771,0.9532
556,1.7738,0.9739
557,1.7639,0.9676
559,1.8334,0.9566
560,1.7676,0.9706
562,1.7494,1.1044
564,1.7604,1.0438
565,1.7900,0.9695
567,1.7684,0.9567
568,1.7780,1.1064
570,1.8112,1.0479
571,1.7915,0.9086
573,1.7294,1.0879
574,1.7619,1.0909
576,1.7376,1.1182
578,1.7780,1.0507
579,1.7561,1.1156
581,1.7650,0.9240
582,1.7222,0.9438
584,1.8074,1.0329
585,1.7755,0.9742
587,1.7659,0.9871
589,1.8306,0.8308
590,1.8489,1.0734
592,1.8144,0.9659
593,1.7839,1.1151
595,1.7812,1.0085
596,1.7400,0.9869
598,1.7809,0.8437
599,1.8040,0.9246
601,1.7834,1.0840
603,1.7550,1.0894
604,1.8227,1.0807
606,1.7822,0.9281
607,1.8010,0.9315
609,1.7785,1.0158
610,1.7760,1.0539
612,1.7607,1.2084
614,1.7725,1.0293
615,1.7677,1.1802
617,1.7540,1.0647
618,1.7753,1.0947
620,1.7601,1.0282
621,1.7957,1.0817
623,1.7484,1.2290
624,1.7172,1.1381
626,1.7576,1.0204
628,1.7464,1.0538
629,1.7663,1.0122
631,1.7682,1.0468
632,1.7865,1.0657
634,1.7616,0.9932
635,1.7596,1.0638
637,1.7432,1.1754
639,1.7566,1.0215
640,1.7455,0.9680
642,1.7635,1.1002
643,1.7936,1.1813
645,1.7834,0.9599
646,1.8405,0.9431
648,1.8016,1.1246
649,1.7486,0.8440
651,1.7371,0.9673
653,1.7282,0.9060
654,1.8187,1.0712
656,1.8099,0.9000
657,1.7814,1.0626
659,1.7547,0.9003
660,1.7448,1.0946
662,1.7749,0.9442
664,1.7482,1.1015
665,1.7711,1.0204
667,1.7687,1.0998
668,1.7761,1.0050
670,1.7571,1.2185
671,1.7349,1.0794
673,1.7713,1.0635
674,1.7510,1.0232
676,1.7573,1.0629
678,1.8037,1.2182
679,1.7510,0.9502
681,1.8086,1.0411
682,1.7732,1.0372
684,1.7614,1.1658
685,1.8235,1.1224
687,1.7845,0.9523
689,1.7676,1.1632
690,1.7937,0.9939
692,1.7687,1.0009
693,1.7815,1.0513
695,1.7809,0.9862
696,1.7650,0.9916
698,1.8202,0.9256
699,1.7367,0.8483
701,1.7911,0.9965
703,1.7819,1.0041
704,1.7368,1.1224
706,1.7685,1.0172
707,1.7468,1.1563
709,1.7844,1.0521
710,1.7775,0.9940
712,1.7366,0.9880
714,1.7845,1.0235
715,1.7655,0.9664
717,1.7824,0.9312
718,1.7465,1.0709
720,1.7744,1.0718
721,1.7227,0.9811
723,1.7895,0.9248
724,1.7145,1.0805
726,1.7372,1.0795
728,1.7678,0.8755
729,1.7364,1.2171
731,1.7810,0.9731
732,1.7514,1.0237
734,1.7553,1.1522
735,1.7438,1.0413
737,1.7433,0.9920
739,1.7548,0.9900
740,1.7685,0.9857
742,1.8071,1.0562
743,1.7545,1.1962
745,1.7373,1.0805
746,1.7503,0.9482
748,1.6966,1.2943
749,1.6932,0.9124
751,1.7359,1.0344
753,1.7121,1.0713
754,1.7710,1.1315
756,1.7953,0.9398
757,1.7694,1.2409
759,1.7560,1.0471
760,1.7663,1.1977
762,1.7670,1.0854
764,1.7669,0.9965
765,1.7906,0.9181
767,1.8082,1.0459
768,1.8110,1.1264
770,1.7811,0.9593
771,1.8176,1.0372
773,1.7830,0.9259
774,1.7385,0.8875
776,1.7472,0.9802
778,1.7505,1.2024
779,1.7706,1.2065
781,1.7823,1.0750
781,1.7823,1.0750
782,1.7165,1.1792
784,1.7797,1.0517
785,1.7852,0.9132
787,1.7831,1.0861
789,1.7510,0.9672
790,1.7428,1.1447
792,1.7133,0.9870
793,1.7897,1.1612
795,1.7559,1.1043
796,1.7872,0.9847
798,1.7612,1.1110
799,1.7051,1.0367
801,1.7803,1.1564
803,1.7933,1.1195
804,1.7711,1.1945
806,1.7676,1.1434
807,1.7126,1.0866
809,1.7482,0.8979
810,1.7772,1.0382
812,1.7370,0.9665
814,1.7877,1.0548
815,1.7947,1.3120
817,1.7769,1.0289
818,1.7390,0.9117
820,1.7716,1.0268
821,1.7167,1.1395
823,1.7686,1.3075
824,1.7161,1.0140
826,1.7570,0.9894
828,1.7431,1.1997
829,1.7813,1.0526
831,1.7481,0.9440
832,1.7737,0.9771
834,1.7744,1.0251
835,1.7351,1.2254
837,1.7775,1.0248
839,1.7851,1.2040
840,1.7393,1.2562
842,1.7800,1.0775
843,1.7703,1.0337
845,1.7565,0.9896
846,1.7716,0.9303
848,1.7056,1.0635
849,1.7572,0.9732
851,1.7517,1.0321
853,1.7770,1.0556
854,1.7433,0.9808
856,1.7452,1.0395
857,1.7770,0.9690
859,1.7375,1.0888
860,1.7498,1.0041
862,1.7495,1.0538
864,1.7621,1.0047
865,1.7212,1.0584
867,1.7370,1.0883
868,1.7282,1.0236
870,1.7599,0.8699
871,1.7160,1.0729
873,1.7744,1.0294
874,1.6980,1.0259
876,1.7670,1.0564
878,1.7175,1.1640
879,1.7703,0.9447
881,1.7199,0.9824
882,1.7149,1.1854
884,1.7642,1.2772
885,1.7755,1.0130
887,1.7769,1.1012
889,1.7396,1.0838
890,1.7406,1.2537
892,1.7249,1.0943
893,1.7464,0.9855
895,1.7789,0.9883
896,1.7428,1.0795
898,1.7441,0.9001
899,1.7350,0.9949
901,1.7275,1.0329
903,1.7604,0.9560
904,1.7981,0.8729
906,1.7363,1.0746
907,1.7568,1.0755
909,1.7296,1.0860
910,1.7740,0.9437
912,1.7420,0.9604
914,1.7667,0.9913
915,1.7605,1.0359
917,1.7621,0.9935
918,1.7723,1.0225
920,1.7875,1.0501
921,1.7354,1.2338
923,1.7459,1.1195
924,1.7076,1.3474
926,1.7360,0.9373
928,1.7866,1.1602
929,1.7453,0.9584
931,1.7603,1.1326
932,1.7220,0.9642
934,1.7614,1.0536
935,1.7084,1.0542
937,1.7059,0.9451
939,1.7753,0.9953
940,1.7599,1.0211
942,1.7824,1.0083
943,1.7299,0.9848
945,1.7152,1.2717
946,1.7678,1.1174
948,1.7642,1.0612
949,1.6929,0.9985
951,1.7618,1.0771
953,1.7772,1.0612
954,1.7441,0.9430
956,1.7596,1.0641
957,1.7741,1.2126
959,1.7417,0.8866
960,1.7610,1.1173
962,1.7655,1.0726
964,1.8001,1.0782
965,1.7531,0.9729
967,1.7488,1.1174
968,1.7519,1.1872
970,1.7249,0.9420
971,1.7564,1.0409
973,1.8373,1.2128
974,1.6796,1.0052
976,1.8056,0.9115
978,1.7136,1.1141
979,1.7065,0.9972
981,1.7288,1.2178
982,1.7362,0.9877
984,1.7817,0.8596
985,1.7441,0.9726
987,1.7953,1.2146
989,1.7304,1.0106
990,1.7391,1.0790
992,1.7766,1.0066
993,1.7768,0.8371
995,1.7410,1.0673
996,1.7267,1.0087
998,1.6996,1.0085
999,1.7225,0.9897
1001,1.7463,1.0606
1003,1.7447,1.1656
1004,1.7458,0.9405
1006,1.7740,1.2636
1007,1.7338,1.0827
1009,1.7193,0.8718
1010,1.7540,1.1427
1012,1.7438,1.0566
1014,1.7492,0.9161
1015,1.7566,1.0998
1017,1.7948,0.9814
1018,1.7549,1.0934
1020,1.7501,1.0039
1021,1.7799,1.1233
1023,1.7634,1.1924
1024,1.7259,0.9188
1026,1.7264,0.9998
1028,1.7519,1.1397
1029,1.7332,1.0392
1031,1.7534,0.9692
1032,1.7350,1.1315
1034,1.7261,1.2189
1035,1.7300,1.0284
1037,1.7539,1.0958
1039,1.7899,1.1135
1040,1.7523,1.0385
1042,1.7420,1.0855
1043,1.7952,0.9133
1045,1.7170,0.9554
1046,1.7405,1.0312
1048,1.7410,0.9469
1049,1.7297,0.8966
1051,1.7191,0.9995
1053,1.7449,1.0744
1054,1.7467,1.1420
1056,1.7750,1.1902
1057,1.7793,0.8419
1059,1.7999,0.9331
1060,1.7804,1.1403
1062,1.7396,0.9521
1064,1.7238,1.0236
1065,1.7396,1.2038
1067,1.7753,1.0273
1068,1.7373,0.9984
1070,1.7321,1.1702
1071,1.7269,1.0098
1073,1.7995,1.2245
1074,1.7135,0.9782
1076,1.7485,1.0178
1078,1.7771,1.0600
1079,1.7486,1.0227
1081,1.7510,0.9994
1082,1.7048,1.0749
1084,1.7508,1.2318
1085,1.7321,1.1627
1087,1.7395,1.1006
1089,1.7572,0.9520
1090,1.7550,1.1741
1092,1.7529,1.2062
1093,1.7375,1.0828
1095,1.7551,1.1945
1096,1.7370,1.2829
1098,1.7255,1.0113
1099,1.7099,1.0518
1101,1.7602,1.0668
1103,1.6979,1.1516
1104,1.7607,1.0641
1106,1.7753,1.0187
1107,1.7587,0.9309
1109,1.7805,1.0063
1110,1.7491,1.0003
1112,1.7491,1.1930
1114,1.7610,0.9789
1115,1.7316,1.1243
1117,1.7492,0.8869
1118,1.7536,0.8903
1120,1.7172,1.1120
1121,1.7657,0.9890
1123,1.7402,1.1012
1124,1.7255,1.0033
1126,1.7383,1.1825
1128,1.7992,0.8908
1129,1.7385,1.0864
1131,1.7524,1.1556
1132,1.7290,1.0555
1134,1.6997,0.9525
1135,1.7163,1.0534
1137,1.7199,1.1990
1139,1.7556,0.9018
1140,1.7794,1.2399
1142,1.7161,1.0624
1143,1.7641,1.3066
1145,1.7600,1.0294
1146,1.7804,0.9081
1148,1.7056,1.0733
1149,1.6847,1.2638
1151,1.7338,1.0647
1153,1.7281,0.8533
1154,1.7473,0.9712
1156,1.7392,1.1499
1157,1.7559,1.3455
1159,1.7088,1.2938
1160,1.7540,1.1248